0.01206
0.01971164
0.000617655249552
0.137854242587
0.0036609
0.00168049804606
0.042192
0.0411936752047
0.0355203083081
0.00231791598393
0.00241675963674
0.00840578
0.00525657612125
0.002453180227
0.00532940537346
0.03352114
0.0840830586774
0.000186168103672
0.218378968363
0.01540748
0.050193929525
0.314921938825
0.0731866751971
0.03491663053
0.0269654240288
0.0410118988852
0.02872854
0.000695981247027
0.0412631666495
0.01206
0.0385017
8.79531141854e-06
0.0002506
0.0035538
0.333166088866
0.076338741315
0.0334478973151
0.067653815516
0.0027460485743
0.00971832
0.00542247496383
0.00402456776694
0.00701562921873
0.02429924
0.000652214157416
0.01967434
0.01473808
0.0
0.0775637837202
0.0342110913027
0.0119218932628
0.00978510172975
0.00513554
0.0109766574487
0.000538340825172
0.042192
0.00184409369503
0.00816818
0.000801335975491
0.02093082
0.00020746
0.01206
0.0244798075815
0.0345032248491
0.0106443555711
0.0203350676242
0.03479716
0.00403565095681
0.0466190317505
0.02306206
0.110224311794
0.02207546
0.042192
0.02020864
0.363505146372
0.682857057209
0.0221454549053
0.0162330292412
0.011602512907
0.0298438532418
0.0291452697888
0.0338785367718
0.713675156345
0.645715870228
0.363505146372
0.713458605654
0.0474127244162
0.363505146372
0.363505146372
0.682857057209
0.0220679422197
0.363505146372
0.363208476126
0.712128495442
0.680497474755
0.0119198758748
0.0106453396321
0.0204109098373
0.018020711852
0.0186161840498
0.363505146372
0.363505146372
0.363505146372
0.363505146372
0.363505146372
0.363505146372
0.682857057209
0.682857057209
0.682857057209
0.682857057209
0.682857057209
0.682857057209
0.0347962186774
0.0110743986774
0.0292526586774
0.0351004986774
0.0101408386774
0.0278759591908
0.363505146372
0.682857057209
0.0350997736637
0.71453922932
0.655428914915
0.714447838526
0.655338905249
0.00542149090285
0.0109785866089
0.010088787547
0.011213770815
0.0067164534187
0.713825110843
0.645715870228
0.0400921417338
0.0362318284323
0.042192
0.363505146372
0.01206
0.00532940537346
0.01206
0.00701562921873
0.713838751994
0.645715870228
0.713458605654
0.645715870228
0.02008552
0.0196648604357
0.01830326
0.01937336
0.01971164
0.033519122612
0.038502684061
0.0242973108398
0.00816818
0.023064034296
0.0205653349523
0.363505146372
0.00992864
0.01601422
0.00937238
0.01485892
0.713458605654
0.645715870228
0.559371005654
0.558611487649
0.000617655249552
0.000186168103672
8.79531141854e-06
0.000652214157416
0.000801335975491
0.110222294406
0.0764806364834
0.162671462251
0.164410059502
0.187445906456
0.0393889428027
0.363505146372
0.000369635177232
0.0150602854488
0.000626949683861
0.0131126984134
0.583661366715
0.575123677288
0.713458605654
0.645715870228
0.02093082
0.02207546
0.02051736
0.02121936
0.02032854
0.00121513738802
0.000818944060984
0.00111089083982
0.0360894
0.000887805704026
0.000907305047687
0.363505146372
0.0036609
0.01540748
0.0035538
0.01473808
0.713458605654
0.645715870228
0.713458605654
0.645715870228
0.0388318656318
0.0390476723171
0.0303348608037
0.0334289251178
0.033705379568
0.167918924348
0.166320338087
0.306672241688
0.042192
0.314923913121
0.333165163818
0.363505146372
0.01206
0.0350997736637
0.0107817061589
0.0301217896809
0.713458605654
0.645715870228
0.713458605654
0.645715870228
0.0301245032863
0.0353403528614
0.039321626182
0.039347015259
0.0411936752047
0.0731846578091
0.0763397253759
0.07756185456
0.0244798075815
0.0705697370848
0.0626924204283
0.363505146372
0.0521226457659
0.0903588041246
0.0504400643115
0.0812815730386
0.713458605654
0.645715870228
0.714356696884
0.655090664051
0.0355203083081
0.03491663053
0.0334478973151
0.0342110913027
0.0345032248491
0.00655204218155
0.00527462362372
0.0109219770792
0.0272493470564
0.0100343851957
0.0111895280737
0.363505146372
0.00446630166549
0.01186939057
0.00447251327832
0.0125260816857
0.714411417935
0.655090277834
0.713458605654
0.645715870228
0.0203350676242
0.0202096279156
0.020190484882
0.021325005844
0.0163447722477
0.00453803538013
0.00734688196275
0.0108122761413
0.0381213007575
0.0069244987361
0.0089995915124
0.363505146372
0.00525657612125
0.000695981247027
0.00402456776694
0.000538340825172
0.713458605654
0.645715870228
0.0705677627888
0.00655002479353
0.0204128389975
0.0202096279156
0.01107534
0.0111562342276
0.02056626
0.0764796524224
0.02051736
0.0115732298971
0.0107817061589
0.062693345476
0.00527560768471
0.018018737556
0.020190484882
0.0292536
0.06945384
0.162673391411
0.02121936
0.19012802
0.0
0.0301217896809
0.0930493595041
0.010920047919
0.0186171090975
0.021325005844
0.03510144
0.00992864
0.164408085206
0.02032854
0.00248431500176
0.0388318656318
0.01300934
0.0521226457659
0.0272493470564
0.06634526
0.0112128457673
0.0163447722477
0.01014178
0.01601422
0.187446831504
0.00121312
0.0232464234628
0.0390476723171
0.0442412379692
0.186411678328
0.0100907618429
0.0903588041246
0.0100363594917
0.06013588
0.084084
0.00671443603068
0.00454005276814
0.0278769005135
0.0361467
0.00937238
0.0393889428027
0.00081796
0.0221463962279
0.0303348608037
0.0474136657389
0.0779844914945
0.0504400643115
0.00540484197671
0.011188603026
0.06880024
0.00734589790177
0.00183045254427
0.010092560879
0.01485892
0.0
0.00111282
0.0162350466292
0.0334289251178
0.0309882559037
0.0812815730386
0.0046920476451
0.06676158
0.0108142053015
0.0
0.043361147156
0.02008552
0.03632604
0.000369635177232
0.0360894
0.011601528846
0.033705379568
0.0301245032863
0.0538341911515
0.00244249989902
0.00446630166549
0.05733656
0.0381213007575
0.1221496
0.0400921417338
0.0196648604357
0.00911612
0.0150602854488
0.00088978
0.0298457824019
0.167920941736
0.0353403528614
0.101020656331
0.0205426003524
0.01186939057
0.06947356
0.00692252444013
0.0362318284323
0.01830326
0.161383
0.000626949683861
0.00090638
0.0291432954929
0.166319354026
0.039321626182
0.00236203858529
0.0220688835423
0.00447251327832
0.0326783008039
0.00900051656009
0.00254457102092
0.042192
0.01937336
0.224083535586
0.0131126984134
0.0014913
0.0338794618195
0.306674170848
0.039347015259
0.0410122851018
0.0663525
0.0125260816857
0.00609714
0.00618733712302
0.0413505359662
0.00244249989902
